1
A+059450-018061+049451+17450+04887+17934BC
12.4,33.1,0.2147,1.00074e-311,0,0
2
A+059179-018853+052418+17080+04420+17811BC
1081,-1107.3,1.2629,1.00074e-311,0,0
3
A+059143-018827+052805+17139+04371+17844BC
1081,-1107.3,1.2629,1.00074e-311,0,0
1
A+059639-018088+048397+17488+05043+17964BC
-13.3,28.8,0.2,8.83438e-312,0,0
2
A+059401-018828+050412+17072+04709+17804BC
1069,-1182.7,1.2476,8.83438e-312,0,0
1
A+060268-018441+045779+17366+05417+17933BC
-113.7,-8.3,0.1963,1.06102e-311,2.32211e-322,0
2
A+059842-019063+047982+17075+05065+17836BC
1034.2,-1281.7,1.2429,1.06113e-311,2.32211e-322,0
3
A+059713-019024+048619+17178+04982+17897BC
1034.2,-1281.7,1.2429,1.06113e-311,2.32211e-322,0
1
A+058936-017526+053736+17604+04282+17958BC
189.5,74.5,0.2029,1.31375e-311,2.32211e-322,0
1
A+059248-018068+050863+17360+04674+17879BC
83.5,22.7,0.1523,1.25161e-311,2.32211e-322,0
1
A+059186-017835+051166+17519+04644+17948BC
105.7,63.8,0.204,1.00488e-311,2.32211e-322,0
1
A+059004-017849+053122+17400+04352+17872BC
1135.3,30.3,0.0444,1.00556e-311,2.81234e-312,0
2
A+058937-017605+053819+17621+04270+17980BC
1910.4,-1193.3,1.0899,1.00556e-311,2.81234e-312,0
3
A+058986-017748+053226+17489+04344+17915BC
3416.6,-1180.8,2.1286,1.00556e-311,2.81234e-312,0
4
A+058957-017608+053420+17597+04323+17964BC
4128.2,134.8,-3.0973,1.00556e-311,2.81234e-312,0
5
A+058978-017877+053533+17413+04291+17886BC
3365.6,1390.2,-2.093,1.00556e-311,2.81234e-312,0
6
A+058955-017770+053719+17499+04271+17923BC
1860.8,1358.4,-1.0072,1.00556e-311,2.81234e-312,0
1
A+059019-017895+053026+17369+04363+17860BC
1155.9,-11.8,0.011,8.23272e-312,4.08914e-313,0
2
A+058983-017805+053422+17461+04315+17907BC
1902.6,-1270.8,1.0499,8.23272e-312,4.08914e-313,0
1
A+056595-017340+053050+17146+03538-17980BC
1183.1,38.9,0.0441,1.0698e-311,4.55421e-312,0
2
A+052017-015582+046481+17507+02932-17604BC
1964.8,-1196.5,1.0796,1.0698e-311,6.95246e-310,0
3
A+072410-013177+031348+17769+01780-17525BC
3458.5,-1157,2.1454,1.0698e-311,6.95246e-310,0
4
A+086342-012084+011158+17320+01884+17282BC
4154.4,154.2,-3.0969,1.0698e-311,6.95246e-310,0
5
A+058230-001419+038680+17214+03363-16717BC
3408.1,1402.3,-2.1033,1.0698e-311,6.95246e-310,0
6
A+067136+002832+012624-17816+03321-16654BC
1889.5,1368.2,-1.0049,1.0698e-311,6.95246e-310,0
