0
61.2,78.8,0.0333
1
A+059001-017873+053236+17379+04335+17866BC
1183.1,38.9,0.0441,4.25231e-314,4.55421e-312,0
2
A+056423-015730+046859+17610+04471-17915BC
1964.8,-1196.5,1.0796,4.25231e-314,4.55421e-312,0
3
A+051471-013746+033497+17974+04824-17570BC
3459.2,-1157.3,2.1456,4.25231e-314,4.55421e-312,0
4
A+069390-012217+013188-17999+04435-17548BC
4158.1,153.2,-3.0962,4.25231e-314,4.55421e-312,0
5
A+083788-010692-002578+16867+03839+16845BC
3408.1,1402.3,-2.1033,4.25231e-314,4.55421e-312,0
6
A+056813+002622+031465-16515+04434-15862BC
1889.5,1368.2,-1.0049,4.25231e-314,4.55421e-312,0
